date (dd.mm.yyyy)	TEC_daily (MWh)	temperature_type	avg_ambient_temperature (°C)	load_elboiler_relative (-)
01.01.2021	10,1882	observation	2,4	0,261206504
02.01.2021	10,635	observation	1,4	0,38945449
03.01.2021	10,9282	observation	0,3	0,441574229
04.01.2021	12,7202	observation	-0,7	0,525452059
05.01.2021	35,8336	observation	-0,3	0,459352682
06.01.2021	75,0244	observation	0,3	0,200729372
07.01.2021	66,2906	observation	2,2	0,475763562
08.01.2021	79,8364	observation	1,4	0,077039964
09.01.2021	44,6996	observation	3	0,329433217
10.01.2021	20,3752	observation	0,8	0,645950463
11.01.2021	47,6266	observation	-1,8	0,591247531
12.01.2021	55,7498	observation	1,3	0,359671782
13.01.2021	28,8572	observation	-0,9	0,469533506
14.01.2021	55,8962	observation	-2,1	0,418477435
15.01.2021	69,9214	observation	-1,4	0,291445069
16.01.2021	64,0876	observation	-0,8	0,395380641
17.01.2021	105,5088	observation	4,1	0,044218204
18.01.2021	66,455	observation	4,8	0,140860052
19.01.2021	43,567	observation	3,9	0,415286431
20.01.2021	93,1042	observation	2,8	0,4310895
21.01.2021	105,518	observation	4,9	0,039659626
22.01.2021	69,6546	observation	4,2	0,111381249
23.01.2021	19,7482	observation	3	0,492478347
24.01.2021	18,9926	observation	3,2	0,583194043
25.01.2021	22,4572	observation	0,7	0,611001368
26.01.2021	21,8026	observation	-0,6	0,704300258
27.01.2021	55,2326	observation	-2	0,725877526
28.01.2021	56,8528	observation	-0,8	0,609785747
29.01.2021	23,9678	observation	0,5	0,788633946
30.01.2021	58,2952	observation	0,3	0,693207719
31.01.2021	75,5292	observation	-0,8	0,171098617
01.02.2021	42,9912	observation	-1,3	0,444309375
02.02.2021	73,5118	observation	-2,1	0,475915514
03.02.2021	94,075	observation	-3,9	0,150888923
04.02.2021	99,5184	observation	-5	0,07156967
05.02.2021	64,2212	observation	-4,6	0,651268804
06.02.2021	51,7074	observation	-3,3	0,526515727
07.02.2021	88,5792	observation	-4,2	0,101808236
08.02.2021	87,785	observation	-4,5	0,190548549
09.02.2021	59,4684	observation	-4,6	0,492630299
10.02.2021	29,7854	observation	-2,5	0,904117915
11.02.2021	56,2668	observation	-4,1	0,634554019
12.02.2021	84,7882	observation	-3,4	0,207111381
13.02.2021	77,6762	observation	-2	0,390214253
14.02.2021	56,2388	observation	0,5	0,641087981
15.02.2021	20,0402	observation	4,1	0,588816289
16.02.2021	27,3518	observation	4,6	0,738641544
17.02.2021	56,6964	observation	5,3	0,64929342
18.02.2021	58,5676	observation	7,5	0,51907005
19.02.2021	70,1002	observation	7,5	0,319708251
20.02.2021	76,506	observation	8,6	0,049080687
21.02.2021	72,9888	observation	9,4	0,063972041
22.02.2021	44,1462	observation	7,8	0,164108798
23.02.2021	20,3722	observation	8,1	0,362103024
24.02.2021	43,551	observation	8,7	0,400091172
25.02.2021	64,0932	observation	7,3	0,492782252
26.02.2021	40,907	observation	5,6	0,447348427
27.02.2021	25,393	observation	7,7	0,197994226
28.02.2021	20,747	observation	7	0,28506306
01.03.2021	20,6626	observation	6,8	0,341893329
02.03.2021	25,2936	observation	6,4	0,43169731
03.03.2021	20,5528	observation	4	0,510408752
04.03.2021	20,7752	observation	0,7	0,784683179
05.03.2021	17,1356	observation	2,2	0,59884516
06.03.2021	15,5244	observation	4,1	0,480626045
07.03.2021	16,3148	observation	1,4	0,672542167
08.03.2021	17,8118	observation	2,1	0,788633946
09.03.2021	17,0736	observation	3,9	0,711745935
10.03.2021	15,517	observation	5,1	0,546725422
11.03.2021	14,7082	interpolated	5	0,434128552
12.03.2021	14,3322	observation	4,9	0,473788178
13.03.2021	12,586	observation	4,2	0,331712506
14.03.2021	9,8668	observation	5,6	0,1964747
15.03.2021	12,2514	observation	3,2	0,268500228
16.03.2021	12,1486	observation	1,6	0,497644735
17.03.2021	12,3456	observation	2,7	0,328673454
18.03.2021	12,001	observation	3,9	0,277465431
19.03.2021	11,7002	observation	4,8	0,241148762
20.03.2021	10,129	observation	5,6	0,169123234
21.03.2021	10,582	interpolated	6	0,243580003
22.03.2021	11,267	observation	6,4	0,165932229
23.03.2021	11,2364	observation	7,9	0,153776022
24.03.2021	11,3742	observation	6	0,1583346
25.03.2021	10,87	observation	5,9	0,247226865
26.03.2021	11,5506	observation	7,4	0,145266677
27.03.2021	10,61	observation	4,4	0,174593527
28.03.2021	9,6896	interpolated	6,1	0,186749734
29.03.2021	11,2546	observation	7,8	0,130375323
30.03.2021	11,1056	observation	5,2	0,184470445
31.03.2021	10,879	observation	4	0,169731044
01.04.2021	10,5876	observation	3,8	0,193131743
02.04.2021	10,4478	observation	4,5	0,141771767
03.04.2021	10,0278	observation	4,6	0,182495062
04.04.2021	10,497	observation	3,6	0,257559641
05.04.2021	11,474	observation	1,3	0,433672694
06.04.2021	11,7308	observation	2,4	0,358152256
07.04.2021	12,0332	observation	0,9	0,405713417
08.04.2021	11,8898	observation	1,7	0,38003343
09.04.2021	11,5666	observation	2,3	0,314541863
10.04.2021	10,6138	observation	2,1	0,270779517
11.04.2021	11,3702	observation	2,3	0,362558882
12.04.2021	11,9054	observation	3,5	0,297827078
13.04.2021	11,2222	observation	2,6	0,299650509
14.04.2021	10,69	observation	4,3	0,218355873
15.04.2021	10,5262	observation	5,8	0,1759611
16.04.2021	10,367	observation	6,8	0,186293876
17.04.2021	10,3616	interpolated	8,5	0,2169883
18.04.2021	9,7024	observation	10,2	0,115483969
19.04.2021	10,176	observation	11,5	0,079927063
20.04.2021	9,6332	interpolated	7,7	0,112444917
21.04.2021	10,1038	observation	3,9	0,177632579
22.04.2021	9,822	observation	3,4	0,208630907
23.04.2021	11,506	observation	2,8	0,357544446
24.04.2021	12,331	observation	2,6	0,430937547
25.04.2021	12,375	observation	3,9	0,307248139
26.04.2021	13,102	observation	4,4	0,338246467
27.04.2021	11,809	observation	5,3	0,357848351
28.04.2021	12,3474	observation	4,7	0,266524844
29.04.2021	11,7312	observation	4,9	0,291445069
30.04.2021	11,5782	observation	4,9	0,241300714
01.05.2021	12,0206	observation	5,4	0,247378818
02.05.2021	11,3656	observation	5,6	0,230664033
03.05.2021	11,9766	observation	5	0,214860963
04.05.2021	10,3144	observation	5,8	0,252545206
05.05.2021	9,605	observation	8,5	0,09618599
06.05.2021	9,4388	observation	7,4	0,097249658
07.05.2021	9,9146	observation	6	0,111229296
08.05.2021	9,4816	observation	4,6	0,124145267
09.05.2021	9,2672	observation	7,1	0,096337943
10.05.2021	9,5204	interpolated	7,6	0,053639265
11.05.2021	8,6702	interpolated	8,1	0,061236894
12.05.2021	9,182	observation	8,6	0,071113812
13.05.2021	7,9408	observation	9,3	0,080990731
14.05.2021	8,7558	observation	10,1	0,042546725
15.05.2021	8,6054	observation	13	0,024160462
16.05.2021	8,6472	observation	9,4	0,031302234
17.05.2021	8,7524	observation	8,8	0,045585777
18.05.2021	8,5632	observation	8,3	0,079927063
19.05.2021	9,2024	observation	7,6	0,07156967
20.05.2021	9,4118	observation	6,2	0,089500076
21.05.2021	8,7648	observation	8,3	0,082206352
22.05.2021	8,614	observation	12,6	0,053335359
23.05.2021	9,2362	observation	11,5	0,018386263
24.05.2021	9,5926	observation	10,8	0,027351466
25.05.2021	23,2176	observation	13,4	0,120650357
26.05.2021	36,016	observation	14,4	0,101808236
27.05.2021	38,2076	observation	11,4	0,140252241
28.05.2021	23,8162	observation	13	0,164716608
29.05.2021	21,5642	interpolated	11,85	0,179759915
30.05.2021	36,8696	observation	10,7	0,140404194
31.05.2021	62,9228	observation	10,7	0,093754749
01.06.2021	68,4358	observation	11,2	0,0791673
02.06.2021	33,5708	observation	15,8	0,057134174
03.06.2021	13,4508	observation	19,5	0,039659626
04.06.2021	29,0286	observation	17,1	0,057134174
05.06.2021	54,2066	observation	14,3	0,110165628
06.06.2021	51,3816	observation	13,4	0,10849415
07.06.2021	31,7302	observation	14,3	0,070657955
08.06.2021	21,7986	observation	14	0,063060325
09.06.2021	31,7512	observation	15,7	0,121106215
10.06.2021	36,5954	observation	16,3	0,116243732
11.06.2021	24,6068	observation	14,1	0,07977511
12.06.2021	12,8466	observation	10,6	0,067314998
13.06.2021	12,6848	observation	11	0,086309072
14.06.2021	32,3122	observation	11,2	0,044674062
15.06.2021	55,4652	observation	8,9	0,265309224
16.06.2021	36,5674	observation	12,2	0,137517095
17.06.2021	43,967	observation	12,4	0,079927063
18.06.2021	59,3728	observation	11,2	0,124449172
19.06.2021	54,6824	observation	11	0,119586689
20.06.2021	30,8236	observation	13,4	0,124297219
21.06.2021	18,878	observation	11,2	0,084029783
22.06.2021	30,4062	observation	12	0,124601124
23.06.2021	29,183	observation	12	0,085397356
24.06.2021	31,7616	observation	12,7	0,097249658
25.06.2021	34,2002	observation	11,8	0,08858836
26.06.2021	18,7904	observation	12	0,04224282
27.06.2021	11,9548	observation	12,2	0,027199514
28.06.2021	24,308	observation	12,3	0,009421061
29.06.2021	18,0072	observation	12,3	0,00471053
30.06.2021	19,7058	observation	15,8	0,011548397
01.07.2021	31,2966	observation	17,9	0,004406625
02.07.2021	39,3794	observation	20,3	0,004254673
03.07.2021	29,9266	observation	16,9	0,004558578
04.07.2021	12,811	observation	17,6	0,048017019
05.07.2021	16,0932	observation	19,6	0,13022337
06.07.2021	13,278	observation	17,1	0,286430634
07.07.2021	12,9546	observation	16,8	0,269108038
08.07.2021	10,384	observation	16,4	0,135237806
09.07.2021	9,9738	observation	15,8	0,006685914
10.07.2021	7,7982	observation	16,5	0,013371828
11.07.2021	7,8336	observation	15,6	0,005622246
12.07.2021	8,8748	observation	16,9	0,005135998
13.07.2021	6,1604	observation	18,2	0,004497797
14.07.2021	10,3268	observation	17,7	0,003646862
15.07.2021	9,5502	observation	14,3	0,005622246
16.07.2021	9,6762	observation	14,9	0,013979638
17.07.2021	8,5788	observation	14,1	0,012004255
18.07.2021	8,089	observation	11,4	0,043610394
19.07.2021	10,0926	observation	12,2	0,012764018
20.07.2021	9,4974	observation	11,9	0,023400699
21.07.2021	9,1316	observation	12,7	0,030846376
22.07.2021	9,2386	observation	13	0,018386263
23.07.2021	10,0342	observation	16,3	0,008357392
24.07.2021	8,1378	observation	15,2	0,004862483
25.07.2021	8,3654	observation	17,6	0,004862483
26.07.2021	9,9356	observation	21,6	0,004406625
27.07.2021	9,0142	observation	19,3	0,00471053
28.07.2021	9,7026	observation	17,3	0,00471053
29.07.2021	9,8706	observation	18,5	0,03282176
30.07.2021	11,4528	observation	14,5	0,015651117
31.07.2021	9,3258	observation	12,3	0,019905789
01.08.2021	8,2998	observation	12,1	0,02583194
02.08.2021	10,2242	observation	12,1	0,018234311
03.08.2021	9,0814	observation	12,7	0,027047561
04.08.2021	9,8826	observation	13,5	0,022337031
05.08.2021	9,2572	observation	15,4	0,019449932
06.08.2021	9,637	observation	17,1	0,0205136
07.08.2021	9,0288	observation	20,6	0,013219875
08.08.2021	8,9178	observation	17,4	0,013979638
09.08.2021	12,2558	interpolated	17,1	0,014891354
10.08.2021	42,6784	observation	16,8	0,060932989
11.08.2021	52,4176	observation	16,7	0,066099377
12.08.2021	32,8846	observation	16,8	0,018690169
13.08.2021	74,0416	observation	16	0,147697918
14.08.2021	73,4874	observation	14,1	0,307248139
15.08.2021	83,0048	observation	12,9	0,123537456
16.08.2021	87,256	observation	14,6	0,116851542
17.08.2021	81,0794	observation	14,7	0,117763258
18.08.2021	88,0768	observation	12,8	0,068986476
19.08.2021	59,7482	observation	12,5	0,441726181
20.08.2021	21,7674	observation	12	0,515423188
21.08.2021	49,0684	observation	13,1	0,374867041
22.08.2021	77,1198	observation	14,6	0,022792889
23.08.2021	110,2128	observation	14	0,110925391
24.08.2021	87,1062	interpolated	13,35	0,103631667
25.08.2021	97,8462	observation	12,7	0,110773439
26.08.2021	101,355	observation	13,4	0,174897432
27.08.2021	97,6176	observation	14,4	0,140100289
28.08.2021	98,4382	observation	13,9	0,137365142
29.08.2021	102,6934	observation	13,3	0,06275642
30.08.2021	96,0602	observation	13,1	0,103479714
31.08.2021	72,7762	interpolated	13,1	0,241604619
01.09.2021	65,676	observation	13,1	0,56480778
02.09.2021	87,1528	observation	11,7	0,337486704
03.09.2021	96,6774	observation	11,9	0,156359216
04.09.2021	81,4504	observation	11	0,251937396
05.09.2021	59,4824	observation	13,1	0,730588057
06.09.2021	49,6408	observation	13,7	0,878437927
07.09.2021	31,006	observation	14,7	0,41407081
08.09.2021	48,3912	observation	15,5	0,427898496
09.09.2021	59,0506	observation	14,6	0,65278833
10.09.2021	58,0888	observation	14,2	0,698222155
11.09.2021	63,045	observation	13,4	0,608722079
12.09.2021	56,7518	observation	11,4	0,481689713
13.09.2021	74,8738	observation	10,6	0,248898344
14.09.2021	45,4192	observation	11,5	0,473180368
15.09.2021	59,129	observation	11,4	0,373347516
16.09.2021	102,0762	observation	12,5	0,079015347
17.09.2021	67,6972	interpolated	13	0,32259535
18.09.2021	43,834	observation	13,5	0,450083574
19.09.2021	55,1458	observation	13,6	0,464063212
20.09.2021	44,2022	observation	12,7	0,334143747
21.09.2021	54,557	observation	12,3	0,312034645
22.09.2021	22,977	observation	12,5	0,463303449
23.09.2021	21,7214	interpolated	11,5	0,650812946
24.09.2021	19,7624	observation	10,5	0,677252697
25.09.2021	18,2438	observation	10,8	0,533049688
26.09.2021	55,6384	observation	17,2	0,257407689
27.09.2021	95,648	observation	19,5	0,072025528
28.09.2021	87,0338	observation	14,1	0,144051056
29.09.2021	66,2034	observation	15,3	0,218659778
30.09.2021	25,8056	observation	14,2	0,224889834
01.10.2021	64,4078	observation	14	0,23932533
02.10.2021	42,8526	observation	12,5	0,075976295
03.10.2021	18,0264	observation	14	0,218507826
04.10.2021	57,178	observation	12,3	0,264549461
05.10.2021	91,791	observation	11,7	0,258015499
06.10.2021	101,727	observation	10,6	0,315909436
07.10.2021	100,829	observation	12	0,335815226
08.10.2021	64,6852	observation	14,9	0,431241453
09.10.2021	20,6652	observation	14,6	0,492782252
10.10.2021	19,2108	observation	10,9	0,633034493
11.10.2021	50,7696	observation	6,8	0,447956238
12.10.2021	107,3406	observation	6,9	0,187357544
13.10.2021	102,1022	observation	8,2	0,197842273
14.10.2021	103,1908	observation	10,8	0,399483361
15.10.2021	67,1246	observation	7,3	0,611457225
16.10.2021	22,5882	observation	6,1	0,648837563
17.10.2021	47,4626	observation	4,5	0,717672086
18.10.2021	76,536	observation	5,7	0,681355417
19.10.2021	78,7148	observation	11,2	0,315149673
20.10.2021	88,7902	observation	9,2	0,235678468
21.10.2021	75,0778	observation	5,7	0,225345692
22.10.2021	66,256	observation	6,7	0,726789242
23.10.2021	22,8966	observation	7,2	0,736970065
24.10.2021	21,2032	observation	11	0,63576964
25.10.2021	21,4908	observation	11,2	0,597477587
26.10.2021	21,4608	observation	9,4	0,717975991
27.10.2021	58,039	observation	12	0,582282328
28.10.2021	98,6582	observation	12,4	0,497036924
29.10.2021	90,426	observation	13,6	0,647621942
30.10.2021	41,5686	observation	12,4	0,416805957
31.10.2021	56,6048	observation	10,8	0,616319708
01.11.2021	80,3014	interpolated	10,9	0,561768728
02.11.2021	84,7016	observation	11	0,525452059
03.11.2021	81,9412	observation	8,8	0,623765385
04.11.2021	67,5794	observation	5,8	0,558729676
05.11.2021	71,199	observation	7,4	0,527579395
06.11.2021	70,0356	observation	6,2	0,874335207
07.11.2021	22,8746	interpolated	7,366666667	0,762802006
08.11.2021	23,9082	interpolated	8,533333333	0,841969306
09.11.2021	57,0722	observation	9,7	0,811426835
10.11.2021	92,398	observation	8,7	0,742288406
11.11.2021	91,5778	observation	7,1	0,63516183
12.11.2021	45,3644	observation	6	0,580003039
13.11.2021	54,0304	observation	7,5	0,510104847
14.11.2021	96,661	observation	8,1	0,524540343
15.11.2021	51,3026	observation	9,4	0,173225954
16.11.2021	17,4122	observation	9,9	0,127184318
17.11.2021	17,0314	observation	6,6	0,260446741
18.11.2021	53,2018	observation	7,1	0,392493542
19.11.2021	86,0108	observation	8,4	0,523932533
20.11.2021	78,3136	observation	6,6	0,453274578
21.11.2021	77,993	observation	4,1	0,535177025
22.11.2021	42,7086	observation	6,7	0,414982525
23.11.2021	19,455	observation	8,1	0,409056374
24.11.2021	19,416	observation	7	0,398115788
25.11.2021	43	observation	1,5	0,539127792
26.11.2021	62,3466	observation	0,5	0,477131135
27.11.2021	22,4004	observation	-1,2	0,675277313
28.11.2021	21,905	observation	-2,3	0,789241757
29.11.2021	22,275	observation	-0,3	0,67390974
30.11.2021	21,2992	interpolated	-0,4	0,983893025
01.12.2021	21,5108	observation	-0,5	0,977662969
02.12.2021	19,937	observation	1	0,942409968
03.12.2021	20,0342	observation	-1,7	1
04.12.2021	16,7862	observation	2,7	0,6657043
05.12.2021	17,5204	observation	1,9	0,760066859
06.12.2021	19,7932	observation	2,1	0,927214709
07.12.2021	18,6232	observation	3,1	0,865977815
08.12.2021	19,1796	observation	2,8	0,821455706
09.12.2021	17,3858	observation	4,4	0,579091324
10.12.2021	18,0228	observation	4	0,481385808
11.12.2021	16,0374	observation	2,5	0,725877526
12.12.2021	13,8566	observation	6,6	0,410727853
13.12.2021	14,8272	observation	8,2	0,296307552
14.12.2021	14,591	observation	7,2	0,356176873
15.12.2021	13,8254	observation	8,7	0,215772679
16.12.2021	12,9002	observation	8,2	0,234310895
17.12.2021	11,5022	observation	8,9	0,221394925
18.12.2021	11,712	observation	8,1	0,193131743
19.12.2021	12,6194	observation	3,6	0,403738034
20.12.2021	13,6816	observation	2,5	0,508281416
21.12.2021	12,7742	observation	3,2	0,385959581
22.12.2021	12,3772	observation	2	0,33900623
23.12.2021	13,085	observation	2	0,468317885
24.12.2021	14,149	observation	-1,4	0,535784835
25.12.2021	12,3602	observation	-0,3	0,502507218
26.12.2021	11,2424	observation	1,5	0,386871296
27.12.2021	12,3632	observation	1,1	0,410271995
28.12.2021	11,0734	observation	2,8	0,316061389
29.12.2021	10,3862	observation	5,1	0,140252241
30.12.2021	10,2396	observation	3,4	0,196930558
31.12.2021	10,8394	observation		0,173833764
